vector<int> robots = {4};
vector<int> distance = {3};
vector<int> walls = {1,10};

vector<int> robots = {10,2};
vector<int> distance = {5,1};
vector<int> walls = {5,2,7};

vector<int> robots = {1,2};
vector<int> distance = {100,1};
vector<int> walls = {10};

vector<int> robots = {12,6,34,28,58,10,42,4,55,48,3,7,26,40,54,17,32,23,56,43,31,1,24};
vector<int> distance = {2,5,1,6,3,8,6,4,5,6,9,3,3,8,6,3,5,7,5,7,5,7,7};
vector<int> walls = {25,37,48,94,56,55,30,28,40,35,15,97,12,6,85,14,52,60,27,71,5,19,73,9,92,32,11,63,13,8,39,88,44,79,7,17,78,93,33,80,26,46,68,47,95,24,36,49,90,70,64,18,57,50,66,51,54,2,21,86,16,61,91,75,58,38,65,45,29,69,3,53,1,87,83,59,23,10,62,76,43,96,77,31,4,34,42,67,89,41,82,72,22,20,81,84,74};